0100 0 000 110110 100100 0000 0100011010 010110 001 101000011 00 0010010 00000 110110101 100101011001000110 1001000000110 1001000000
0100011000010110110000100000010010100110  1000110110 100100000011 00100011 00 101001000 00010 100110 1100001 0110 00 01000110 100100000010000110 0010011010010 00110
0100 0110 100001101 000010 1001 000 1010 001 00 11000010 01000 000110 1001000000 00010 010101100101001000000 01000110 1011001000110 10 00110010000001100100011010010
10100 11010 01011000 010110110100 1000000 00010 0101011000010110 0011001000110 1001000000110010101 1011000110010100100 0000 001101100101001000000 0000011001010
001 001100 100011001010 010100001101000010100 100010001100101011010010 10000110 10 0101001000000  00000 0010011000010 01000000 01000 0010 000010 0011001000000 01000110
10 11001 000110 1001000000110 100100 000 01101 10101 1000010 0010011000010 0011011011010110 10010000001100100011000010010000001100110011000010 1010011001010110
00 11001 00011000010000110100001010010100  0011001000000 00000 001001100001001000000 0011011001010110 00 0100011010010 0010001000000110 00110 1001000000 
00 11011001010 
01 0100 100 0000 0011011000010 110 001100 0 010101100101001000000110 100100000 1001101100100011010010110 1001000000 00010 0101011001010010000001001010011001010 00110 
01010 00110010000001 101100 01101000 011001010 010000 00110010001 1001010 01010000 110 100 0010100 00011010 000101 001 010 0010 010101 1000 010110 0011 001 000110 100100000011000110
0010011 01001011000010110 0 00 01100001001000000 00  0011001000000 0000011001010110 00 0011011000010 01100110000100100000011 0010101 10110100 1000000 0011011001010 
0010001 0000001100010011000010110 00110010001101001011001000110 1000011010000101001000001011010010110 001100100011000010 01000000 110110101100001011010010
0011001 000 000 00 010 0101011 0000 10110 00110 01000110 10 010000001100 0110110 101101101 001000000 0101 01101101001000000 0100011 010010 00100110 
10010 000 001 100100 01100 10100 000000 00110110  101101100011001000 1100001011001000110 1001000000110 1001000000 0000011000010110100100100000011011010110 10 00100
001001 1001010 010100 001101000 1010010001010  001001 100001 00100  00 0110 100100 0000 01 00 011001 010 00100 00100110 10
